99, 1001
Romashkin, Pavel
NCAR Research Aviation Facility
RAF instruments on <N130AR - NSF C-130 / N677F - NSF GV>>
1, 1
2018, 08, 08,  2019, 03, 15
1.0
Start_UTC, seconds, Start measurement period given in UTC seconds from the midnight
67
1.0, 1.0, 1.0, 1.0, 1.0, 1.0, 1.0, 1.0, 1.0, 1.0, 1.0, 1.0, 1.0, 1.0, 1.0, 1.0, 1.0, 1.0, 1.0, 1.0, 1.0, 1.0, 1.0, 1.0, 1.0, 1.0, 1.0, 1.0, 1.0, 1.0, 1.0, 1.0, 1.0, 1.0, 1.0, 1.0, 1.0, 1.0, 1.0, 1.0, 1.0, 1.0, 1.0, 1.0, 1.0, 1.0, 1.0, 1.0, 1.0, 1.0, 1.0, 1.0, 1.0, 1.0, 1.0, 1.0, 1.0, 1.0, 1.0, 1.0, 1.0, 1.0, 1.0, 1.0, 1.0, 1.0, 1.0
-99999.0, -99999.0, -99999.0, -99999.0, -99999.0, -99999.0, -99999.0, -99999.0, -99999.0, -99999.0, -99999.0, -99999.0, -99999.0, -99999.0, -99999.0, -99999.0, -99999.0, -99999.0, -99999.0, -99999.0, -99999.0, -99999.0, -99999.0, -99999.0, -99999.0, -99999.0, -99999.0, -99999.0, -99999.0, -99999.0, -99999.0, -99999.0, -99999.0, -99999.0, -99999.0, -99999.0, -99999.0, -99999.0, -99999.0, -99999.0, -99999.0, -99999.0, -99999.0, -99999.0, -99999.0, -99999.0, -99999.0, -99999.0, -99999.0, -99999.0, -99999.0, -99999.0, -99999.0, -99999.0, -99999.0, -99999.0, -99999.0, -99999.0, -99999.0, -99999.0, -99999.0, -99999.0, -99999.0, -99999.0, -99999.0, -99999.0, -99999.0
